Human_0	0.005847150459287919	0.005357333420821736	0.9371421934797216	0.005314598532916238	0.0049332912700122515	0.0049315898001003255	0.004741203425372213	0.010072187222226471	0.005030189308838602	0.006403245200457019	0.004653207111202258	0.005573810769043581
Human_1	0.005566804496246708	0.004977110075288159	0.012368291639307208	0.00475264431612413	0.004737112240167382	0.21472124836738185	0.004528952377274391	0.004645638827731522	0.7289871352155983	0.005329461789887029	0.0051655080293604985	0.0042200926256327044
Human_2	0.05938545770431097	0.05345757344777935	0.43576345819103174	0.05130131190512679	0.051133794752039406	0.051233135493225244	0.04899440308604447	0.04985893798740172	0.05224228921712212	0.052329984739532175	0.04848536602987762	0.045814287446508194
Human_3	0.9350926680612844	0.0035945826029750235	0.0036477603781943533	0.00889158366878583	0.008759759010103393	0.009251401518200286	0.003451593158675925	0.013255788366703285	0.0035082494487861967	0.0035157809810262525	0.0036134837240056924	0.0034173490812592915
Human_4	0.013851524305674583	0.01231398456154186	0.8701267620633883	0.012052290087476904	0.011729545633583013	0.01177143732179024	0.011205716004379408	0.011415491998298059	0.011995161968098838	0.012023019701246404	0.01108048640252889	0.010434579951993449
Human_5	0.07983435289535151	0.02928672165117866	0.028235059318669365	0.027986076768134426	0.02788673093140033	0.02794700202504479	0.6435175036163454	0.027122256472059587	0.028552295082695394	0.028626075185651793	0.02629982387352432	0.02470610217994434
Human_6	0.1108964152252984	0.027686221605957257	0.02664920640708664	0.026485244977165718	0.026636133073063988	0.026493157025465962	0.18584505812673993	0.09511674868727989	0.38877676324254895	0.026985094127880808	0.026755230682903315	0.031674726818609056
Human_7	0.012950405789081606	0.007512370900567065	0.007252761329004773	0.01850793193009026	0.0071802809365522	0.007236186391786861	0.006870353188204298	0.006992239005745079	0.9047996003908172	0.007514208463597992	0.006782117626129483	0.006401544048423294
Human_8	0.3315926116306163	0.1827473969546408	0.12137461372896981	0.09915016730857568	0.017333246154628258	0.01752788813368145	0.01659679200882115	0.01690578958571254	0.04486823249112839	0.12002913112895731	0.016401532774306303	0.015472598099961873
Human_9	0.7981591809142649	0.005629163599706746	0.01410317222307725	0.006029828422977164	0.01368845793681575	0.005449140225366196	0.0936609765339716	0.01290721510344596	0.005382431213961593	0.026968104332860995	0.013325078193275814	0.004697251300276073
Human_10	0.011858248912710843	0.010321467098093621	0.8906506805132971	0.009985077652848711	0.009915980474249658	0.00986154039314634	0.00952854187541851	0.009597841235631127	0.010064794711533265	0.010088754487011475	0.009372369710415123	0.008754702935644136
Human_11	0.10363091657033967	0.0368206879885815	0.009166688693628413	0.00936656230408027	0.013187520991581228	0.5461989028350935	0.0075151672720587355	0.07946026800012311	0.03975927754802501	0.008050707860137979	0.13982762792187342	0.007015672014477115
Human_12	0.021387028701655996	0.01908275283426507	0.018224631645345296	0.01805273445451836	0.018895929485658113	0.018107639265306015	0.01711907838285306	0.01749379934570484	0.018441417130350853	0.018474601053684245	0.7669575249859031	0.04776286271475498
Human_13	0.06425623520917999	0.05780517773373519	0.055897128089958566	0.055459318380893595	0.05527709873821385	0.13883757846104566	0.052953460227982634	0.30456369651377785	0.05648298643355112	0.056578391889716764	0.052396875031347656	0.049492053290597034
Human_14	0.09563489473228465	0.07764256305979421	0.11640732949186652	0.13452608215567322	0.07396624109192168	0.07375309217889088	0.07039432135412808	0.07162845640183647	0.07519183325745894	0.07553781084976122	0.06957943425817499	0.06573794116820919
Human_15	0.012369026122131319	0.012541938537066442	0.01751496983077362	0.006758284052348196	0.006728468314697202	0.8594646750504369	0.014407686640851715	0.022097468604818316	0.027641155499646002	0.006895114543697017	0.0065890310912748405	0.006992181712258529
Human_16	0.01974115792351635	0.02499506230562861	0.007777832479275431	0.0077083995155653555	0.012427455889916497	0.0619987728906878	0.007354664986428829	0.016789834729112954	0.007859152832435854	0.007872860264674755	0.8157557076471578	0.009719098535599734
Human_17	0.010317968150825236	0.2382446997173283	0.022868840543123277	0.5060000806431565	0.009009019196539488	0.11642476777793971	0.008546064490148471	0.03763656651546702	0.023220192310468665	0.00920333393288917	0.010688294691015298	0.007840172031098762
Human_18	0.06048498018541741	0.05496670650543908	0.0529152298273483	0.41973850325276485	0.05236555495936582	0.05245956384088841	0.050287243589382635	0.05114616060050608	0.05342227782388173	0.055304132805323036	0.049750889878043644	0.047158756731639245
Human_19	0.04857296410969536	0.018222905280527064	0.01758805507861123	0.01744032549402569	0.01749601889044368	0.017510716531873055	0.7279622419609222	0.06766932699187636	0.017784300265799566	0.017815175944698794	0.016471921312826324	0.015466048138700745
Human_20	0.04117734861116875	0.037598186283526104	0.03595475836461521	0.18440606444049074	0.08749834486181841	0.08965534803581902	0.03414377989282516	0.03479106498032677	0.036315704729318755	0.04125645553038682	0.3453098306954466	0.03189311357425758
Human_21	0.053245254733495666	0.006897716410902648	0.007411307585716416	0.007440313612803021	0.010720568543226288	0.010701056470280157	0.8529065505421382	0.02653017062349278	0.002593105980802771	0.008590076390906332	0.010567134511304655	0.0023967445949309497
Human_22	0.4813978064946766	0.008681203516880304	0.008379110183264009	0.008303956303545315	0.008465380419485725	0.008293023382001765	0.1820261514317711	0.00805712503119662	0.008487568982860518	0.2626419448807128	0.007900121151604201	0.007366608222001
Human_23	0.018305297989498176	0.01569721096648039	0.8090748594633131	0.01525746664359031	0.015089066688997827	0.014971551955006629	0.014483648430007741	0.014531464009722298	0.015291470617600163	0.015335966141405847	0.0141953697097825	0.03776662738459479
Human_24	0.017355136928871855	0.01795750439366885	0.014596455773151561	0.014549105219053716	0.014445223698217647	0.03615086571947116	0.013889691838085081	0.03098269096906414	0.7981701216611004	0.015194880463608715	0.013741879675061217	0.01296644366064558
Human_25	0.07086205459143884	0.06408400132972644	0.062074354407150485	0.06161287202152253	0.061420758104206614	0.061535010870320865	0.058969784252958936	0.05995832355496068	0.0626916865137983	0.06279218141735336	0.3186914817032562	0.05530749123330695
Human_26	0.5030720363467442	0.011313605446595001	0.010777837558483667	0.027967339898445243	0.06535837207571589	0.027674951040054227	0.010189515455499717	0.010376391008444157	0.30182456907652055	0.010968296157709664	0.010985836004258861	0.009491249931528556
Human_27	0.0857421149348463	0.07754076332127739	0.07510911802402727	0.07455073056780555	0.07431827556056433	0.17944928281702777	0.07134702502143604	0.07254826531974415	0.07585606790075601	0.07597767896412638	0.07063937116187527	0.06692130640651357
Human_28	0.007172962549216189	0.006357481586057507	0.9329520959478966	0.006086730438372922	0.0060748591280837426	0.0060771372094196915	0.005810887833216008	0.005904989842857208	0.006201108289422233	0.006213637204899749	0.005748908631263722	0.005399201339294485
Human_29	0.20366587383184742	0.03348611122754579	0.007574966070719592	0.008114681020562823	0.007678334830758629	0.007507319020333782	0.4460564159157692	0.04117136162622835	0.007825581152065227	0.19899916495043113	0.007111946738723172	0.030808243615014844
Human_30	0.044319854733982776	0.0397141864252382	0.038354276752644634	0.03804241267191709	0.03791263293501046	0.03798959836852264	0.5794683182979744	0.036925388452062405	0.03877170198669928	0.03883969037588796	0.03586266853499778	0.0337992704650626
Human_31	0.024999706123486766	0.05565656002141999	0.7334628427970968	0.02111402654652815	0.021186129413114277	0.021053344844660718	0.02043657653581793	0.020477232027623325	0.02147986146717837	0.0215258365017849	0.01991030383202932	0.01869757988925961
Human_32	0.06423413147521972	0.05779552021271061	0.05587548262177683	0.055464042112175066	0.05526036164840938	0.0556108824775614	0.05293197600556366	0.05387273446868977	0.39048566371969456	0.05659603769774468	0.05238981886164623	0.04948334869880802
Human_33	0.4680936683897083	0.050886713967804906	0.04925687200435313	0.04889733023374848	0.04953345322428905	0.0488671125485189	0.046822923393694975	0.047594384401020096	0.04977696999579642	0.050042677778478144	0.04633411302009194	0.04389378104249567
Human_34	0.5627319099357248	0.004135005077082313	0.004260715087442199	0.0038933715023487404	0.00394811957268914	0.02336009863946948	0.06104605513646682	0.010173562472872169	0.003972743580233481	0.3069950437140721	0.01039619375344431	0.0050871815281544105
Human_35	0.045786808918148195	0.3286604417292682	0.03993978821079927	0.272634401996497	0.039505571600117986	0.03959000567074647	0.03787629290568462	0.038536090666818144	0.04034983163077068	0.04041727593822049	0.037487709634300266	0.03921578109862851
Human_36	0.1287348828453179	0.6615604759491895	0.06937988153016879	0.032021375101230994	0.01074500435377921	0.06153029043963274	0.004179250429757809	0.004513957788261271	0.011269550528183028	0.004533906136361735	0.007626010577141311	0.0039054143209755966
Human_37	0.012329709854795194	0.1483669259369458	0.045460614803520004	0.6600581817981608	0.011398567298289738	0.02250343158473071	0.010362545389115739	0.03827263802168826	0.010747172551458198	0.012405864676197257	0.011493190189902839	0.01660115789519583
Human_38	0.024952248423793212	0.8842305905168767	0.003889473544660044	0.0038561108883468673	0.0041103643337828105	0.05264384475030787	0.0037281584803892744	0.003792167195579711	0.00394709415235037	0.004060129290272325	0.004837488556226872	0.005952329867414042
Human_39	0.07915365511825008	0.020249535950071847	0.01959793087785129	0.019449342310759357	0.019394975536396408	0.019423500181172042	0.018591276155764086	0.018912341323915633	0.7295795685581933	0.019830846463319785	0.018401934134044482	0.017415093390261822
Human_40	0.7037839666045848	0.02479056152391686	0.023904590516489882	0.023701906437191535	0.023621045775194246	0.023693577288854958	0.022551052273612145	0.02298330221837674	0.0634869651919872	0.024246750863664294	0.022284622241828304	0.020951659064299126
Human_41	0.014536474306119472	0.007860097436165978	0.025093211533903505	0.897382357809413	0.008567721691594324	0.003443154504799556	0.0064597507967729395	0.00334809064572577	0.014296496124768049	0.005735087339926869	0.010211888808423627	0.003065669002387001
Human_42	0.008949011101008158	0.7034104483452749	0.008856064237093259	0.003482151647183491	0.003351633933264169	0.008926398410184565	0.003202700136762014	0.003284811208345641	0.0034351450408142145	0.23943250962707657	0.0106507909851835	0.0030183353278094693
Human_43	0.08578743642550572	0.07692214016033261	0.07430377768334084	0.07370326373776862	0.07345335768463074	0.07360156033156816	0.0702637193560196	0.07155218028773698	0.1901382689385078	0.07523843335097824	0.06950539675090346	0.06553046529270741
Human_44	0.7032970864067403	0.017818486005761452	0.01715469948350516	0.017016247657576932	0.017262186603664634	0.019356555855770497	0.016219923333755912	0.016521150089159393	0.0995862592270842	0.01746915041619129	0.0432017575849547	0.015096497335835471
Human_45	0.02364666647700226	0.021233000510276778	0.02052028469153047	0.02035789587472676	0.02029868104449213	0.02033074963005608	0.01942220213977231	0.01977122703038667	0.7762903172719583	0.020775855896108364	0.019214184710260353	0.01813893472342958
Human_46	0.02875288446373125	0.05277967923808217	0.04738791884963249	0.04846102484736058	0.05177768191879527	0.015839642910224154	0.010009424933856183	0.010206646760525179	0.6645740239123712	0.05077514574896608	0.010060962865175375	0.00937496355128014
Human_47	0.01458559115514678	0.012568827552131368	0.6474979492061851	0.01221780146390952	0.03195530110862315	0.19132520781255602	0.011609249446065348	0.0313713951530601	0.012420162630524173	0.012269132563359689	0.01155304059218799	0.010626341316250799
Human_48	0.009773606791454368	0.022542909442939296	0.008373758955371137	0.008306163635999784	0.010299047504340944	0.278398845131855	0.01989428649031909	0.00807986457704702	0.00847312603082136	0.008484993468852035	0.6100081333620535	0.007365264608946448
Human_49	0.0037595849731246116	0.007740963947819854	0.00820503181688549	0.004874997246580491	0.003520451104864421	0.8076293139297366	0.005055827042197254	0.0031237293640001313	0.11567436157067397	0.0036854081755720524	0.033866659554252554	0.0028636712742925756
Human_50	0.027820720395807592	0.0638201106089299	0.023733943062676198	0.02354553614463642	0.025940511176475056	0.24114887254220865	0.022433684969499063	0.13701783335061932	0.024023596977329077	0.024042464870312006	0.3655830133396547	0.020889712561852
Human_51	0.049474457678934644	0.024379682940488232	0.01766617381429178	0.017516624995885157	0.7711636896034542	0.017491323094174813	0.01718818279882178	0.01698189169215889	0.017865994724364523	0.017901837951505968	0.016882082084401177	0.015488058621518946
Human_52	0.011901580991733255	0.010662603847323688	0.010296968931963144	0.01021430816679775	0.010185165729797942	0.010202966216176227	0.009734296361671986	0.00991320621361055	0.8877312338310921	0.010438656392021415	0.009639894651776046	0.009079118666035974
Human_53	0.4710530207741087	0.01064092942709107	0.02663803142416989	0.14276580930112284	0.010266298308871588	0.031018095899669272	0.009690492208634487	0.009873507680317556	0.20949041482344022	0.010436059194067204	0.059113456107562454	0.009013884850944585
Human_54	0.02412974783098789	0.022661924583040068	0.020797773883677567	0.02245871514245869	0.020502216923000104	0.05414117291322781	0.019592053724106596	0.019957819726831902	0.0209936282507531	0.7371935732981189	0.019363302031353433	0.018208071692444067
Human_55	0.042020355437309455	0.03724480167259537	0.0358407346064696	0.035519201655182596	0.03538545063058961	0.035464765561536986	0.033681415052980876	0.044355384195793456	0.036271376865961685	0.03634154617262518	0.03327718048409458	0.5945977876648607
Human_56	0.08984421919938428	0.03777161588180718	0.03635576821310875	0.03610130738044512	0.03915081658271064	0.03630047762006689	0.034493088301956604	0.035070647406084246	0.5511632024043256	0.037614478906793106	0.034044743706437175	0.032089634396880534
Human_57	0.030231754486350713	0.02712856228741725	0.02621374615254615	0.026007872141359627	0.025952457733162286	0.025968721986331003	0.02480423742982184	0.02525285430947893	0.7141819953044218	0.026540418364514654	0.024539142181256652	0.023178237623339072
Human_58	0.04660933918731847	0.08275555923764105	0.040822744203858875	0.04106230160538372	0.5081084077712553	0.04046658350169293	0.03878117284818075	0.0394307332961329	0.04122749361721799	0.042849379042753696	0.04151448684057997	0.036371798847984305
Human_59	0.04053193552133588	0.4753299302807519	0.020254725085860233	0.015276841556378063	0.02080172839363178	0.05615619912987912	0.014614440471220859	0.015621119242170025	0.015543062013207846	0.2788563370518698	0.014456655275722438	0.03255702597797218
Human_60	0.00793337926697785	0.007099115655968638	0.006845833855518294	0.017681657084234755	0.006765023995795474	0.0067950586253052135	0.006463818290433961	0.00994944547241024	0.006921287996175155	0.00696286555493003	0.006392067062948278	0.9101904471393022
Human_61	0.045031263501081255	0.04046992808652667	0.03912133042492874	0.038811973931987306	0.03868328003904669	0.09765082097440957	0.03704104613940387	0.03770344880712943	0.5146267128686988	0.0396028310705521	0.036660203753242054	0.034597160402993675
Human_62	0.7826496807423162	0.018223132238454183	0.017798290457325644	0.01743848914526437	0.017515303558632143	0.017417055360650215	0.016689161730788948	0.03856923368471049	0.0177798234830301	0.017828808504839987	0.016527318115998252	0.02156370297798952
Human_63	0.03146226342425685	0.028291427169360377	0.027271868843761076	0.1538191396090337	0.02696164147599789	0.4247089685932924	0.02582095522090475	0.06930670723644582	0.027637455307228866	0.027610299444840374	0.09114584391890074	0.06596342975597733
Human_64	0.04043995010331431	0.6139112793235546	0.035188849568472555	0.03489702836043547	0.03796124042893692	0.034849881320549614	0.03331688113997777	0.033909427379874506	0.03554137110457796	0.03560301123531629	0.03322530705403853	0.031155772980951457
Human_65	0.020664618013441705	0.07492888929304876	0.024136379263377136	0.6717231672816708	0.016871071033386607	0.1116762571230855	0.01807614968185889	0.007101154551027754	0.0074484160161856034	0.007811482616760966	0.03306490126003932	0.00649751386611692
Human_66	0.05269282619355023	0.2977109873738656	0.04612542002793951	0.21866577829965922	0.048601468959171626	0.04801534393166045	0.0464186097900423	0.044827015914828905	0.04654951627327463	0.04663087113955626	0.0626832351179539	0.04107892697849727
Human_67	0.8480278877960568	0.009631913192159607	0.008235192146439772	0.008192567643304798	0.010343131168924524	0.008152878068674084	0.007808479361296262	0.011023950476024988	0.061400721017785695	0.010402831688388167	0.009506674475948213	0.0072737729649972405
Human_68	0.061707965088761814	0.026232265105493757	0.006291738881454452	0.006241435193047325	0.006224479880107312	0.006263066736388521	0.01583296064025769	0.006063294794148525	0.8472400346196682	0.006473718626038403	0.005881635586249985	0.00554740484838396
Human_69	0.5162123821266182	0.0363955089867134	0.03518796309032739	0.034909642114414025	0.034795008012063235	0.03486287704547149	0.03337168885106747	0.03392064827871316	0.08984101943015432	0.035615919185320276	0.08374009171908307	0.03114725116005386
Human_70	0.30831325059308606	0.02844697660706234	0.02753714557271261	0.06677783729927451	0.06662457889212865	0.027328355425646156	0.026130941236510354	0.026579718378557417	0.34399531153187807	0.02786432541493963	0.025923584217210527	0.024477974830993763
Human_71	0.031792411621335226	0.46788150460697786	0.04194835378369525	0.33296033812897713	0.021784194154211366	0.03283764884083688	0.007406800130946066	0.007661578412834593	0.021327223675053564	0.00912583244608381	0.007422389123884717	0.017851725075163406
Human_72	0.014081239650302049	0.010739800061755756	0.17879482066151725	0.6859539506057776	0.010466341610436006	0.010209346559304782	0.010073091896520723	0.03389227591961884	0.010415092082329165	0.01194322173046588	0.01005739089137819	0.013373428330593717
Human_73	0.11969004605228137	0.3421333379469407	0.01598234730594682	0.16340902018227815	0.021348274024348964	0.015834117188888944	0.015112081398366969	0.01538824427030862	0.24397693632557443	0.016641700446274846	0.016398682653719993	0.014085212205070039
Human_74	0.054411299883281666	0.04912187048524612	0.04716572161182543	0.4815954719796444	0.04659646226331418	0.046689651675637746	0.0446364520655652	0.045392686099925986	0.04764012544774315	0.05100826197171772	0.044149374269691864	0.041592622246406585
Human_75	0.011418430297298474	0.004263868635022558	0.011717239019984902	0.9095470198163365	0.028684637325665726	0.004070747888565824	0.003908335192403151	0.0041616041463641805	0.01054754198889875	0.004202658093326487	0.0038667303171013123	0.0036111872790322193
Human_76	0.5139636674502636	0.04659049404213776	0.04504312093802294	0.04471000665241595	0.04519170619455873	0.04467955618930147	0.042757503572583656	0.04346512209480507	0.04553943052311534	0.04582951663667442	0.042270984006292985	0.039958891699827984
Human_77	0.01990575006704856	0.017879355500253484	0.01727900901946839	0.017141564982269732	0.01708228662437891	0.01712562938519179	0.016351480702602193	0.018803580368124653	0.017461180541600722	0.017491719268259456	0.016177822256108306	0.8073006212846938
Human_78	0.052608124109798156	0.04757974455234811	0.04608156051681577	0.0457511364379893	0.04559842298851954	0.04579221184392831	0.04377398126781994	0.04451154027173888	0.49726344192855393	0.04663294773305662	0.04334500213727087	0.0410618862121606
Human_79	0.8266895592520187	0.01447820042942387	0.013965812806257248	0.013851676221278217	0.03687997660780898	0.013842235688783358	0.01319610576260497	0.013440445361260524	0.014129426597694459	0.014197570113191928	0.013049536905665291	0.012279454254012482
Human_80	0.0032218085325539506	0.013693538885221878	0.00231735031598358	0.005972882377759826	0.030563942010933796	0.002349997214394755	0.002232212564967706	0.03472508653907746	0.002346367740662519	0.002367492272512115	0.8981698236697203	0.002039497876212044
Human_81	0.0040162988936403915	0.0037197176772401238	0.009019642960218767	0.0035999205481514226	0.0034231780167943517	0.003429781401909366	0.03801298293582386	0.8655522416779171	0.009018236117097738	0.04634169816806015	0.003234865502895991	0.010631436100250883
Human_82	0.07267285549223358	0.5566902200489027	0.024499503325883947	0.0679640702808117	0.026126623095762302	0.024238522104259454	0.023056353121449505	0.0670615668496091	0.06851300408260626	0.024847381036096496	0.023074373087993018	0.02125552747439189
Human_83	0.04115208129836506	0.13675198405435599	0.03588923344525236	0.03561543805838836	0.035500719307573765	0.03556978791350022	0.03405476856109475	0.44542374540749585	0.03625629464999742	0.0389060512361976	0.08558703548132485	0.0392928605864535
Human_84	0.025966518449985543	0.7056293305045847	0.02886821935878605	0.019716809521635736	0.007495095290625246	0.00755736089053209	0.007210868261367937	0.01231576210470102	0.00763435111122108	0.1373045088138929	0.017981691724111855	0.022319483968556
Human_85	0.024668762285869138	0.29705250460163674	0.021254237373912976	0.021092212672392995	0.02362345159087525	0.021056030441379114	0.02009657916339597	0.4524987933689117	0.021488823461773422	0.055631320568436914	0.02039568891602604	0.021141595555389706
Human_86	0.03697039252120912	0.006769101803709137	0.01616701556789405	0.006322794518764624	0.006590882939619706	0.006202597282409157	0.05734579467931712	0.04423775753370023	0.016304936406410554	0.7911011324352849	0.005840830861416514	0.006146763450264837
Human_87	0.006873934698092388	0.019237829552790468	0.024850613936856888	0.016578121870914075	0.018621691674446432	0.005859725202264078	0.00558518515588466	0.005694007680998844	0.005983409627552456	0.8796890793128819	0.005830737117988778	0.005195664169329179
Human_88	0.022697115241106573	0.020280361978474715	0.01956300643634685	0.01940199244105889	0.019330778340136343	0.019401341161086633	0.018461380650894924	0.02318656057299595	0.019781232193150852	0.019817206147809956	0.018255454985472874	0.7798235698514654
Human_89	0.02098238147542256	0.019261999597955177	0.04826283082820247	0.03311314313649656	0.017762998060901796	0.04873086317441105	0.01704192642645751	0.017267920792104312	0.7156017856747539	0.02942705776452371	0.01681762382894821	0.015729469239822932
Human_90	0.009791332041119632	0.01196572850538388	0.008348319354693682	0.008291136056953405	0.09595908829885097	0.00831305939204037	0.007871076486264294	0.010487328385887387	0.04244770887320793	0.014938735786251722	0.0077825287167001735	0.7738039581026466
Human_91	0.006294376001558066	0.0055939021251574135	0.9326763430664692	0.005343676190395398	0.005339855723939543	0.005341809541903896	0.005118373835322944	0.005186800009267566	0.00544323027052161	0.013868151321350629	0.005049756230907889	0.004743725683205543
Human_92	0.006512934235493727	0.006261586597418239	0.0056379155824777365	0.0055951354314835115	0.005592185168131977	0.0055893028291443565	0.005333288787774783	0.007088661226134605	0.006679326556005761	0.006347659529154895	0.0052753856973383325	0.9340866183594421
Human_93	0.007891366156806065	0.018640111441003353	0.012080392251984455	0.8854801446937667	0.006325187153114502	0.02476947803046483	0.006696872821837691	0.005726975918153611	0.005995203453517748	0.015590100561478467	0.0055855294500085605	0.005218638067864073
Human_94	0.03231982852467881	0.02901460375737483	0.027933093987535556	0.0276935164248661	0.02759813085062044	0.02788131294369546	0.42770630811117627	0.026882303171547675	0.028231490504231384	0.2506716459602244	0.06949453630133923	0.02457322946270982
Human_95	0.5068051294252712	0.08163621502453977	0.029849945192918215	0.030336334025211967	0.0295280630858905	0.07172840294320025	0.02832670438834723	0.02880963942969399	0.03017494770916699	0.10822773479723995	0.028038488751286395	0.026538395227233686
Human_96	0.046122089807916614	0.019570073930411637	0.018727249392604756	0.018676232102231193	0.018714276610620983	0.018547280799413115	0.048222886154195475	0.018023004798820755	0.018957227231099792	0.7398121398505969	0.0181123389678232	0.01651520035426563
Human_97	0.02368243312476464	0.006495445752882653	0.005609235577525903	0.006425683672186516	0.005593786515471932	0.0055294048128522715	0.7366547957515457	0.11703883399361933	0.005642942661030664	0.06381940888644959	0.018586959357294423	0.004921069894376348
Human_98	0.600184224628586	0.26470194327470314	0.012022436665517689	0.015930104513260594	0.01191174814642219	0.011936345880182858	0.011447599918955633	0.012204937024458752	0.022504876893178517	0.0151055431958392	0.01132100902941217	0.01072923082948325
Human_99	0.00336148211342866	0.0028340851805446388	0.006809708443392913	0.002701314658798012	0.010278018406384502	0.9468319676450101	0.008963515510225863	0.002901431118185508	0.0027787604713426814	0.002755815283425684	0.007375365664946047	0.002408535504315205
Human_100	0.07760131054414977	0.07017991919787225	0.0680003888679301	0.06754649091253363	0.06727883012081184	0.25270152395087037	0.06470070523141279	0.06597950076618839	0.0687876814915652	0.0687612385843425	0.06789274149404298	0.0605696688382802
Human_101	0.2565277874480128	0.03518038099266357	0.046584500113736986	0.03372350358439192	0.03650158335575383	0.03380505474193244	0.12083904282894542	0.29982183303853294	0.03432984272866014	0.03440448345260179	0.031999421286942616	0.0362825664278254
Human_102	0.032846553661371646	0.029784106206256118	0.011954741308651508	0.011857062621530558	0.011816008065210926	0.8315318753883016	0.011300220785602407	0.01150893758747866	0.0120954363099011	0.013574686201313593	0.011207250881482044	0.010523120982899587
Human_103	0.07705403506632055	0.06919001756198995	0.16868189614768983	0.06633297263899425	0.06611095002256781	0.06624252982746233	0.16501241731361713	0.06442277927610973	0.06757943990337968	0.06769563907130813	0.06260480214864966	0.05907252102191114
Human_104	0.008611380279402782	0.0051968111206754045	0.0031737576165984135	0.0031795630191560073	0.004231825708789961	0.0031717841390905823	0.0030045865190512916	0.9524549215703406	0.00683340060844544	0.0034829064117723337	0.0035725836242851026	0.003086479382392153
Human_105	0.0857421149348462	0.07754076332126698	0.07510911802402727	0.07455073056780077	0.07431827556056386	0.07445613490491997	0.07134702502143632	0.1618378344846586	0.07585606790075429	0.07597767896463875	0.07063937115564271	0.08262488515944426
Human_106	0.03930940118747063	0.005215151732193762	0.004191753634212148	0.004122711648886117	0.8867479403983186	0.004125277503973245	0.003971840558930717	0.008321921164551722	0.01061930073529005	0.023633157307482333	0.004011980323641696	0.0057295638050488965
Human_107	0.019481787462477605	0.018476536104937272	0.016067901027726303	0.015950362143443815	0.7756684976741328	0.015937612014467206	0.015270861123835782	0.015524203601013677	0.03875043942723644	0.0389205407389712	0.015633316972599478	0.014317941709158531
Human_108	0.014432179159131305	0.004566447885780898	0.009109675539115084	0.015752426292269157	0.0037053700499320753	0.00876100424469051	0.0033016339964571143	0.8777175920204527	0.013717500929586054	0.004293530988920782	0.03707218799176079	0.0075704509019035755
Human_109	0.028607305035531355	0.044604317832028645	0.016112958249274383	0.03074325219139407	0.01158333680077571	0.010605048933834913	0.00997243611799875	0.03002224912271707	0.010577183911065739	0.78802644965352	0.009917389559401848	0.009228072592457424
Human_110	0.05871858341951407	0.5014311973221517	0.06057680121458237	0.015290600391567833	0.016700332633619343	0.015922601301095945	0.014654072694642905	0.016339233865850535	0.03720521284409703	0.2349499696625843	0.014489618644440648	0.01372177600585344
Human_111	0.030493037241455058	0.01236207167483978	0.012917390047698301	0.01033860818263062	0.7814293579508437	0.010286783458843917	0.010540114553027074	0.010059549560572499	0.01048268723395801	0.09178284871343796	0.010162357196398773	0.009145194186294569
Human_112	0.04685656555875575	0.010668633882663788	0.0110580180742173	0.02620886002523938	0.19995422217704972	0.010087194315046698	0.01056555560149544	0.009797442996154407	0.010278972426858643	0.6460277821416827	0.009551781271937534	0.008944971528898742
Human_113	0.005355618836246708	0.005125853115090352	0.012073240709629528	0.004573946312685598	0.9341803472129969	0.004566868245557483	0.011802696187317099	0.0044354046753410144	0.0046638212771158575	0.0046731910266917	0.004500859953772214	0.00404815244755557
Human_114	0.029529705395517233	0.029744218940063127	0.02545533022519332	0.025247883657911842	0.7143418912411277	0.025208906181349227	0.02403895495902715	0.02449029451164758	0.025736975735329803	0.025793070896319648	0.02803168730122515	0.022381080955288134
Human_115	0.02459078845307717	0.02222570224912042	0.021247484505085557	0.021577013132345026	0.020995217028872498	0.02103662216843908	0.020076350403197295	0.020441683341658124	0.021476245183399974	0.7677877321120434	0.019853035558855828	0.018692125863905625
Human_116	0.08831944150601544	0.034035990285578605	0.03288851568973418	0.03262532596973619	0.5897186644280402	0.03258074536302428	0.031117580354514215	0.031682415719121844	0.03324076107841095	0.033298131268560856	0.03145075739007196	0.029041670947191324
Human_117	0.005650537016478822	0.005211171798216719	0.004843536680133701	0.004750680127089337	0.9467844237487819	0.004743538511801125	0.0046036382202724515	0.0046095854163492695	0.004842016897794973	0.004853391716611106	0.004893248243405726	0.004214231623064648
Human_118	0.6198676194058365	0.010097990712539919	0.009716998873235636	0.02556362948760699	0.009719007154795034	0.011645614624835966	0.009171109359479483	0.009347704881756186	0.2673970044251844	0.009882552711936873	0.009069766004152354	0.008521002358640582
Human_119	0.06202459783075573	0.2399342878881945	0.14514683208202736	0.05254416594659146	0.05226629248571004	0.053218917686227954	0.04975029942954593	0.0507667439831297	0.14395157072839615	0.055129004313119956	0.049194172062512254	0.04607311556378892
Human_120	0.02132058961190965	0.019998783510280428	0.01850119798562125	0.7955107120440085	0.018231779784689504	0.01826504837840709	0.017438679702586946	0.01832221321649767	0.018648215928464794	0.019637783923441843	0.01726072703423007	0.01686426887986216
Human_121	0.719519011251284	0.02703091799475554	0.026054486500189537	0.025837315157453238	0.02609639325961277	0.02581430346176135	0.024588882109082784	0.02505372687277399	0.02636280818399764	0.02649425061343962	0.02430074130389489	0.022847163291754735
Human_122	0.037919951129150864	0.03403145050014445	0.032881626961283	0.032628773584168755	0.032542536326706006	0.032666805054602815	0.03111710729804374	0.03167756600557268	0.6413782389743986	0.03330604958242373	0.030783846515244684	0.029066048068260655
Human_123	0.848349830056388	0.007524543665233601	0.007231038678599992	0.007138028480824588	0.007123684493796039	0.06963945138954354	0.018443153340345207	0.0069228083968918205	0.007278415636249845	0.007294672184733401	0.006733483896344652	0.006320889781049307
Human_124	0.11879156828132144	0.07679759753129847	0.007117645984787932	0.006383991441646915	0.7147991810967702	0.006429165505705792	0.006421842043945128	0.009609578589929106	0.01680141799847939	0.024909333071944283	0.006283762632201057	0.005654915821970593
Human_125	0.8303824860338663	0.014926985279561128	0.01160353296916455	0.01085887440814028	0.04091802065157266	0.010825652779323233	0.010429673271774397	0.02415573950558181	0.011045071233705678	0.011073451140136829	0.010852051205249125	0.012928461521924452
Human_126	0.0708620545850054	0.06408400127234541	0.062074354300159944	0.06161287198987075	0.3217372951511713	0.06153469273853039	0.058965152002376675	0.059957923202452273	0.0626916752430214	0.06279218153033128	0.05838030678488273	0.0553074911998523
Human_127	0.024739874660630993	0.03136881840063208	0.021295032049264823	0.021099445216998813	0.022683200802782046	0.021117968376384622	0.023461246804110176	0.750381729056612	0.02148531314374952	0.021570489599874773	0.021325635718101744	0.01947124617085833
Human_128	0.01808368976802936	0.0058199655511449126	0.01361825623321395	0.005644393297255896	0.021547137837377012	0.015568956593648618	0.021657612934812023	0.00544717303727112	0.24988162768267638	0.6290060658053469	0.008834460033299652	0.004890661225924149
Human_129	0.01722524266341508	0.02193729414158016	0.04137076511992784	0.018751789587724117	0.4326872134900605	0.019084179609235405	0.007408725741614963	0.026557285252150294	0.3693342049308364	0.03117121485012688	0.007538877714320253	0.0069332068990081
Human_130	0.02936337848936015	0.025916646092473388	0.6888585602954183	0.025587291899681088	0.025057461926581846	0.02487916699963194	0.024278545284212676	0.024265117473530644	0.0603936145748346	0.02538582298640678	0.02366288905919483	0.022351504918673937
Human_131	0.08574211493484615	0.07754076332126698	0.07510911802402728	0.1795438784861591	0.07431827556056388	0.07445613490491998	0.07134702502143599	0.07254826531974409	0.07585606790075423	0.07597767896412636	0.0706393711556426	0.06692130640651356
Human_132	0.06312817337168791	0.2516570152005306	0.09891085235644882	0.20673641598484108	0.02465474951110851	0.13676038961499998	0.09776918397671766	0.023565511878804662	0.024676107457572274	0.025694204304549793	0.02297951201510254	0.023467884327636253
Human_133	0.014359943131484608	0.013811407944833341	0.012199731778793764	0.011750086711092395	0.05081639304415279	0.3497630719542208	0.011332813127725936	0.011435010826556128	0.011981863095661233	0.01199720958238066	0.49011387101062404	0.010438597792474394
Human_134	0.004357596139825955	0.0038717732453595124	0.934919567410097	0.003712994254620851	0.015655244029177756	0.0158525756444118	0.0035425583159621214	0.0035872413610022547	0.003770877630282505	0.0037794340894640706	0.00367564076457852	0.0032744971152176444
Human_135	0.012342837669701888	0.009238626615058101	0.008753281640269294	0.009161998895868993	0.023635036795310874	0.008665439651683898	0.3749392442603261	0.008417159283429787	0.008900555979308805	0.4763415655735197	0.051910843708764906	0.007693409926757731
Human_136	0.08590517668876929	0.07649227211810426	0.07379667974089668	0.07294447389347287	0.07267965220299023	0.07284605700623899	0.19279191149786218	0.07065641923645385	0.07446801419640924	0.07464816214326905	0.06850139515673569	0.06426978611879769
Human_137	0.1375615478761394	0.052442913477890325	0.050649400318013585	0.0502376004414631	0.0500665142549775	0.05018558866294431	0.3656014280565107	0.04876403414596675	0.05119964157082253	0.051289334467107435	0.047362102947657365	0.044639893780506944
Human_138	0.10657858083414302	0.0383370003446501	0.0396769988791175	0.036777965743532634	0.03746398911079582	0.08980357868653353	0.47297392454489234	0.03575875481470554	0.03744771191720105	0.037583217495465594	0.034810469765499986	0.03278780786346293
Human_139	0.04579058004730521	0.041292222971172354	0.09769298472270195	0.0396446320510291	0.03950835316920643	0.03965934051306624	0.03787921538305997	0.05682688937059488	0.04035283591628219	0.040431425081824963	0.03749455135433074	0.48342696941942603
Human_140	0.008631271658862879	0.0077342742137004525	0.03024826227912408	0.8862983219309735	0.0074566721025565	0.007404585884254188	0.0070757045297420735	0.0072006157480368265	0.01672436037288533	0.00756672313408906	0.007000128582697388	0.00665907956307763
Human_141	0.009632475765521079	0.009154777834826685	0.008215586974829929	0.02075240167955192	0.8593502206926651	0.021014497706203263	0.007755023765628355	0.007750786754980237	0.008131443074010435	0.008149534217610782	0.007829405965038876	0.03226384556913328
Human_142	0.015302573912247298	0.029796688701742003	0.03384816389545188	0.013159362652757255	0.013113318495593263	0.01316216101227654	0.012552926562991007	0.01892910600091408	0.01340568446793303	0.013544693414431435	0.012412880746987986	0.8107724401366742
Human_143	0.15810369232324648	0.0196289352136682	0.01894063251641948	0.01879229927250853	0.019725208175391955	0.018797302669278856	0.6548910985102909	0.018256652802848033	0.01916422371956288	0.019288407333705127	0.01771545896058126	0.016696088502498076
Human_144	0.2305771134649484	0.0344447124656914	0.050138500970467244	0.032406003380015785	0.03248291213613094	0.03204475224587457	0.03256753499232051	0.43054217267621286	0.03271866294780957	0.03289517447015551	0.03097290061115587	0.028209559639217282
Human_145	0.516884176334816	0.029402558569454427	0.02835312907041352	0.02813045162648525	0.028290776998477624	0.028103438478916297	0.026837186894957916	0.027311684443082438	0.02867208883915314	0.20647161007797862	0.0265291504615241	0.02501374820474059
Human_146	0.19331341311206343	0.02207739133607471	0.03359204974869284	0.021285527766008772	0.02154804921482456	0.02106152961039193	0.5838804134174855	0.020738410056851175	0.02148750813321401	0.02159771933448501	0.020712390363415843	0.018705597906492264
Human_147	0.018993168888071583	0.1165931161583495	0.7100140586274262	0.01682080398279476	0.014625276331004427	0.0144684084665452	0.033755554865395776	0.01776360007042691	0.014744267208998968	0.015513953343741652	0.013725137632500363	0.012982654424744512
Human_148	0.012517673685069923	0.8155855201499533	0.0144641717961344	0.023476109944413313	0.00438762555812796	0.007081290269036609	0.004234295664202468	0.004355283114495667	0.011249131287458615	0.08759015523832571	0.011171731140411882	0.0038870121523699396
Human_149	0.024299040456078867	0.037340278805483296	0.7176262069608679	0.02240712354872601	0.022369401334081714	0.02021413546381807	0.024105035418889413	0.045224333547666015	0.02050664717998849	0.020588161554092377	0.0208045300285224	0.02451510570178558
Human_150	0.05192227288851133	0.24299221847630104	0.04513018130172054	0.04479923336719333	0.04456141815138589	0.04552424148419995	0.04275659749650736	0.04347333978861268	0.045640876489726666	0.31091003928095595	0.04227784229415556	0.040011738980729634
Human_151	0.09723380500864151	0.08699420910258132	0.0839727434755009	0.08327998901767962	0.08299172083299747	0.08316267181147932	0.07931377484146865	0.08079918514063213	0.0849000765476855	0.08505112408490356	0.0784397409006	0.07386095923582987
Mouse_0	0.8241827782968492	0.01692958422958062	0.01634451419257923	0.0162126617253888	0.01620915728441966	0.01618918525260242	0.015445420728231853	0.01573116124470886	0.016524107984608998	0.016566762285828027	0.015274774382382363	0.014389892392820085
Mouse_1	0.055930215570858366	0.04980068487157032	0.04813564204233692	0.04776310654565153	0.04761995779204963	0.47347440894026316	0.04562519705155905	0.046435894536019644	0.04863876903141451	0.04872947516138504	0.045169227302025536	0.04267742115486625
Mouse_2	0.04369115300888706	0.04098485546150158	0.037665335445936726	0.03735333291311189	0.052375882202753285	0.03770556386783232	0.03555029933323713	0.036338425531377255	0.038117847315855186	0.038155923856431816	0.5689814854630604	0.03307989560001536
Mouse_3	0.1392023040501836	0.03551487315107493	0.08945170551465427	0.4193302479199542	0.03388125365990534	0.08421312430890697	0.03253805694522727	0.033068751043198646	0.03468880146468607	0.035617394473755865	0.032083575169328124	0.0304099122991246
